88   0.4599295028815379;
4   0.7566500617026948;
82   0.7709084675367674;
80   0.5804612765096422;
19   0.5581492315213892;
42   1.0839256949250202;
53   3.573120223267372;
62   0.7334856784389956;
6   0.6420423774384842;
37   0.3808204291611857;
46   0.5111429353119215;
2   0.585210582735856;
86   0.44716790516525834;
93   0.5854940282542955;
28   0.6345141173707876;
59   0.366986066012718;
66   2.9195323377588953;
44   1.2750399351622785;
13   1.820520886487876;
24   0.7196366317784626;
39   1.2274798402608205;
77   0.7159630080847628;
11   0.5011773083890976;
84   0.40361226893248614;
64   0.7716361102886711;
8   0.6576830809240333;
60   0.8969338086489496;
57   1.7656985603556;
20   0.49819307505052424;
15   0.6422681240048569;
48   2.539688992297749;
35   1.299647942891545;
75   0.6630283081531885;
97   0.6281693188424564;
55   0.7774615693711013;
40   3.363008718974476;
31   1.2329815364026402;
71   0.7197806287269082;
79   1.9612757894814956;
51   0.8244124612341706;
22   1.527299393893875;
26   1.4340349890607307;
68   0.5046173336489557;
33   0.5326276068859239;
17   0.6247740872980696;
73   0.7839313692280983;
99   0.8999735973098615;
95   0.7619214941392258;
91   0.6172881445293825;
69   0.6662382617066249;
14   3.417090697259124;
96   1.8604201836313408;
98   0.5040874617744174;
7   0.4273848080995657;
36   0.5313451081631666;
45   0.44918479790495563;
56   0.7862970775542404;
16   0.5896747383819607;
41   0.8029471180976555;
92   1.889475212924145;
9   1.2880554925616245;
3   0.7781010733095608;
34   0.6377184491733946;
83   1.3270473919443848;
61   1.9180292953299556;
30   0.7036506458341221;
81   0.36953517493612087;
25   0.738568883868558;
89   0.3922466019801795;
1   3.0005979479788363;
63   0.43099984341478026;
10   0.760006146569371;
65   1.9117203136583492;
29   0.7188798729058334;
23   0.4123864920185021;
49   0.5535285716726706;
21   0.6239534328350069;
47   0.5984733859116245;
67   0.7698092209672465;
5   1.5289105183834977;
18   1.3299155913354848;
27   2.9720144201406398;
90   0.8454269205003444;
100   1.2945393379138879;
32   0.49935771019095787;
85   0.3409694077402814;
54   1.1648611927747112;
72   0.43653063231376343;
52   1.3269576103087581;
58   0.5137291860142321;
50   0.4258424498389005;
87   1.3482673365694129;
78   1.481131965582598;
12   0.5315015800727116;
76   0.4859815991027189;
94   0.42484949702986546;
38   0.7149725831456095;
70   1.049825841447644;
43   0.6390300322963367;
74   1.6066240481992549;